0.000000
0.062754
0.094057
0.125266
0.156352
0.187284
0.218031
0.248562
0.278849
0.308860
0.338566
0.367938
0.396947
0.425565
0.453762
0.481512
0.508786
0.535558
0.561802
0.587491
0.612601
0.637106
0.660982
0.684206
0.706755
0.728606
0.749738
0.770130
0.789762
0.808615
0.826670
0.843909
0.860315
0.875872
0.890565
0.904379
0.917300
0.929316
0.940415
0.950586
0.959819
0.968105
0.975435
0.981802
0.987201
0.991625
0.995071
0.997535
0.999014
0.999507
0.999014
0.997535
0.995072
0.991626
0.987202
0.981804
0.975437
0.968107
0.959822
0.950589
0.940419
0.929320
0.917304
0.904383
0.890570
0.875877
0.860320
0.843915
0.826676
0.808621
0.789769
0.770137
0.749745
0.728613
0.706762
0.684213
0.660990
0.637114
0.612609
0.587500
0.561811
0.535567
0.508795
0.481521
0.453771
0.425574
0.396957
0.367948
0.338576
0.308870
0.278859
0.248572
0.218041
0.187294
0.156365
0.125298
0.094203
0.063495
0.034649
0.011550
0.000000
