0.025649
0.051543
0.077887
0.104817
0.132386
0.160565
0.189263
0.218347
0.247665
0.277072
0.306438
0.335654
0.364633
0.393308
0.421626
0.449545
0.477028
0.504045
0.530565
0.556564
0.582013
0.606888
0.631164
0.654817
0.677824
0.700162
0.721810
0.742744
0.762946
0.782395
0.801072
0.818958
0.836036
0.852289
0.867701
0.882256
0.895941
0.908742
0.920645
0.931641
0.941716
0.950863
0.959071
0.966333
0.972640
0.977989
0.982371
0.985785
0.988225
0.989691
0.990179
0.989691
0.988225
0.985785
0.982371
0.977989
0.972640
0.966333
0.959071
0.950863
0.941716
0.931641
0.920645
0.908742
0.895941
0.882256
0.867701
0.852289
0.836036
0.818958
0.801072
0.782395
0.762946
0.742744
0.721810
0.700162
0.677824
0.654817
0.631164
0.606888
0.582013
0.556563
0.530565
0.504042
0.477022
0.449532
0.421598
0.393248
0.364509
0.335411
0.305982
0.276251
0.246248
0.216001
0.185541
0.154898
0.124102
0.093184
0.062174
0.031102
0.000000
